function mpc = case_ANDE
% Caso importado de ANAREDE - case_ANDE

mpc.version = '2';
mpc.baseMVA = 100.0;

%% Datos de Barras
%  bus_i type Pd Qd Gs Bs area Vm Va baseKV zone Vmax Vmin
mpc.bus = [
    48	3	0.000	0.000	0.000	0.000	1	1.0250	4.120	100.0	1	1.100	0.900;
    85	2	66.000	0.000	0.000	2774.000	1	1.0900	4.120	100.0	1	1.100	0.900;
    86	2	15.000	1.000	0.000	0.000	1	1.0900	4.130	100.0	1	1.100	0.900;
    5411	2	6.000	1.000	0.000	0.000	1	1.0150	-42.000	100.0	1	1.100	0.900;
    183	3	0.000	0.000	0.000	0.000	1	1.0250	-9.800	100.0	1	1.100	0.900;
    184	3	0.000	0.000	0.000	0.000	1	1.0250	-9.800	100.0	1	1.100	0.900;
    203	2	22.950	8.030	0.000	6.000	1	1.0090	-45.000	100.0	1	1.100	0.900;
    206	2	0.000	24.000	0.000	24.000	1	1.0220	-44.000	100.0	1	1.100	0.900;
    208	2	0.000	18.000	0.000	18.000	1	1.0100	-47.000	100.0	1	1.100	0.900;
    209	2	3.060	0.770	0.000	0.000	1	1.0090	-39.000	100.0	1	1.100	0.900;
    211	2	27.890	9.340	0.000	12.000	1	1.0090	-46.000	100.0	1	1.100	0.900;
    215	2	14.060	5.410	0.000	6.000	1	1.0100	-20.000	100.0	1	1.100	0.900;
    216	2	0.000	24.000	0.000	24.000	1	1.0220	-45.000	100.0	1	1.100	0.900;
    219	2	16.490	5.500	0.000	3.000	1	1.0060	-35.000	100.0	1	1.100	0.900;
    220	2	0.000	18.000	0.000	18.000	1	1.0100	-48.000	100.0	1	1.100	0.900;
    227	2	0.000	18.000	0.000	18.000	1	1.0090	-47.000	100.0	1	1.100	0.900;
    229	2	8.350	2.680	0.000	0.000	1	1.0090	-45.000	100.0	1	1.100	0.900;
    233	2	0.000	18.000	0.000	18.000	1	1.0090	-48.000	100.0	1	1.100	0.900;
    238	2	4.360	1.730	0.000	1.200	1	1.0100	-41.000	100.0	1	1.100	0.900;
    239	2	0.000	24.000	0.000	24.000	1	1.0090	-46.000	100.0	1	1.100	0.900;
    241	2	0.000	12.000	0.000	12.000	1	1.0090	-50.000	100.0	1	1.100	0.900;
    244	2	32.200	9.400	0.000	3.000	1	1.0100	-44.000	100.0	1	1.100	0.900;
    246	2	0.000	7.500	0.000	7.500	1	1.0100	-44.000	100.0	1	1.100	0.900;
    271	2	0.000	12.000	0.000	12.000	1	1.0100	-58.000	100.0	1	1.100	0.900;
    284	2	0.000	12.000	0.000	12.000	1	1.0100	-22.000	100.0	1	1.100	0.900;
    288	2	26.930	7.930	0.000	6.000	1	1.0090	-24.000	100.0	1	1.100	0.900;
    301	2	0.000	0.000	0.000	0.000	1	1.0520	-43.000	100.0	1	1.100	0.900;
    303	2	0.000	0.000	0.000	0.000	1	1.0000	0.000	100.0	1	1.100	0.900;
    304	2	6.000	1.000	0.000	0.000	1	1.0080	-44.000	100.0	1	1.100	0.900;
    305	2	7.220	6.000	0.000	0.000	1	1.0340	-42.000	100.0	1	1.100	0.900;
    306	2	0.000	0.000	0.000	0.000	1	1.0260	-42.000	100.0	1	1.100	0.900;
    307	2	9.810	3.070	0.000	0.000	1	1.0240	-42.000	100.0	1	1.100	0.900;
    308	2	0.000	0.000	0.000	0.000	1	1.0150	-42.000	100.0	1	1.100	0.900;
    311	2	0.000	0.000	0.000	0.000	1	1.0170	-43.000	100.0	1	1.100	0.900;
    313	2	0.000	0.000	0.000	0.000	1	1.0210	-42.000	100.0	1	1.100	0.900;
    316	2	0.000	0.000	0.000	0.000	1	1.0350	-42.000	100.0	1	1.100	0.900;
    319	2	2.000	1.000	0.000	0.000	1	0.9880	-31.000	100.0	1	1.100	0.900;
    320	2	0.000	0.000	0.000	0.000	1	1.0240	-43.000	100.0	1	1.100	0.900;
    322	2	4.000	1.000	0.000	0.000	1	1.0090	-41.000	100.0	1	1.100	0.900;
    323	2	6.000	1.000	0.000	0.000	1	1.0450	-44.000	100.0	1	1.100	0.900;
    324	2	6.000	1.000	0.000	0.000	1	1.0120	-42.000	100.0	1	1.100	0.900;
    325	2	6.000	1.000	0.000	0.000	1	0.9990	-39.000	100.0	1	1.100	0.900;
    327	2	6.000	1.000	0.000	0.000	1	1.0220	-42.000	100.0	1	1.100	0.900;
    329	2	6.000	1.000	0.000	0.000	1	1.0320	-43.000	100.0	1	1.100	0.900;
    331	2	0.000	0.000	0.000	0.000	1	1.0200	-42.000	100.0	1	1.100	0.900;
    333	2	0.000	0.000	0.000	0.000	1	1.0080	-42.000	100.0	1	1.100	0.900;
    334	2	6.000	1.000	0.000	0.000	1	1.0230	-40.000	100.0	1	1.100	0.900;
    335	2	0.000	0.000	0.000	0.000	1	0.9850	-41.000	100.0	1	1.100	0.900;
    337	2	0.000	0.000	0.000	0.000	1	1.0140	-39.000	100.0	1	1.100	0.900;
    338	2	0.000	0.000	0.000	0.000	1	1.0260	-39.000	100.0	1	1.100	0.900;
    339	2	0.000	0.000	0.000	0.000	1	1.0500	-41.000	100.0	1	1.100	0.900;
    341	2	6.000	1.000	0.000	0.000	1	1.0150	-43.000	100.0	1	1.100	0.900;
    343	2	6.000	1.000	0.000	0.000	1	1.0310	-42.000	100.0	1	1.100	0.900;
    344	2	0.000	0.000	0.000	0.000	1	0.9930	-43.000	100.0	1	1.100	0.900;
    346	2	0.000	0.000	0.000	0.000	1	1.0000	0.000	100.0	1	1.100	0.900;
    350	2	0.000	0.000	0.000	0.000	1	0.9540	-29.000	100.0	1	1.100	0.900;
    351	2	0.000	0.000	0.000	0.000	1	1.0490	-22.000	100.0	1	1.100	0.900;
    354	2	3.000	1.000	0.000	0.000	1	1.0320	-37.000	100.0	1	1.100	0.900;
    355	2	3.000	1.000	0.000	0.000	1	1.0310	-39.000	100.0	1	1.100	0.900;
    357	2	0.000	0.000	0.000	0.000	1	1.0400	-31.000	100.0	1	1.100	0.900;
    358	2	0.000	0.000	0.000	0.000	1	0.9600	-39.000	100.0	1	1.100	0.900;
    360	2	0.000	0.000	0.000	0.000	1	0.9880	-42.000	100.0	1	1.100	0.900;
    361	2	0.000	0.000	0.000	0.000	1	1.0360	-38.000	100.0	1	1.100	0.900;
    362	2	0.000	0.000	0.000	0.000	1	0.9580	-37.000	100.0	1	1.100	0.900;
    365	2	5.000	1.000	0.000	0.000	1	1.0100	-66.000	100.0	1	1.100	0.900;
    368	2	0.000	0.000	0.000	0.000	1	1.0570	-59.000	100.0	1	1.100	0.900;
    369	2	0.000	0.000	0.000	0.000	1	1.0000	0.000	100.0	1	1.100	0.900;
    370	2	0.000	0.000	0.000	0.000	1	1.0000	0.000	100.0	1	1.100	0.900;
    371	2	0.000	0.000	0.000	0.000	1	1.0410	-55.000	100.0	1	1.100	0.900;
    372	2	0.000	0.000	0.000	0.000	1	1.0120	-61.000	100.0	1	1.100	0.900;
    373	2	0.000	0.000	0.000	0.000	1	0.9990	-32.000	100.0	1	1.100	0.900;
    374	2	8.000	1.000	0.000	0.000	1	0.9770	-80.000	100.0	1	1.100	0.900;
    375	2	0.000	0.000	0.000	0.000	1	1.0120	-38.000	100.0	1	1.100	0.900;
    376	2	0.000	0.000	0.000	0.000	1	0.9020	-44.000	100.0	1	1.100	0.900;
    378	2	3.000	1.000	0.000	0.000	1	1.0120	-40.000	100.0	1	1.100	0.900;
    379	2	0.000	0.000	0.000	0.000	1	1.0000	0.000	100.0	1	1.100	0.900;
    380	2	0.000	0.000	0.000	0.000	1	1.0060	-34.000	100.0	1	1.100	0.900;
    382	2	0.000	0.000	0.000	0.000	1	1.0100	-18.000	100.0	1	1.100	0.900;
    384	2	0.000	0.000	0.000	0.000	1	0.9840	-17.000	100.0	1	1.100	0.900;
    386	2	0.000	0.000	0.000	0.000	1	0.9160	-83.000	100.0	1	1.100	0.900;
    388	2	0.000	0.000	0.000	0.000	1	0.9520	-21.000	100.0	1	1.100	0.900;
    389	2	0.000	0.000	0.000	0.000	1	0.9770	-17.000	100.0	1	1.100	0.900;
    390	2	0.000	0.000	0.000	0.000	1	1.0250	-28.000	100.0	1	1.100	0.900;
    392	2	0.000	0.000	0.000	0.000	1	0.8590	-41.000	100.0	1	1.100	0.900;
    395	2	0.000	0.000	0.000	0.000	1	0.9330	-24.000	100.0	1	1.100	0.900;
    398	2	2.000	1.000	0.000	0.000	1	0.9430	-22.000	100.0	1	1.100	0.900;
    399	2	0.000	0.000	0.000	0.000	1	0.9300	-57.000	100.0	1	1.100	0.900;
    401	2	2.000	1.100	0.000	0.000	1	1.0730	-15.000	100.0	1	1.100	0.900;
    402	2	0.000	0.000	0.000	0.000	1	1.0330	-28.000	100.0	1	1.100	0.900;
    403	2	0.000	0.000	0.000	0.000	1	1.0080	-39.000	100.0	1	1.100	0.900;
    404	2	0.000	0.000	0.000	0.000	1	1.0300	-38.000	100.0	1	1.100	0.900;
    405	2	0.000	0.000	0.000	0.000	1	1.0140	-38.000	100.0	1	1.100	0.900;
    407	2	6.000	1.000	0.000	0.000	1	1.0030	-39.000	100.0	1	1.100	0.900;
    408	2	0.000	0.000	0.000	0.000	1	1.0090	-37.000	100.0	1	1.100	0.900;
    409	2	6.000	1.000	0.000	0.000	1	1.0150	-38.000	100.0	1	1.100	0.900;
    410	2	0.000	0.000	0.000	0.000	1	1.0210	-38.000	100.0	1	1.100	0.900;
    411	2	6.000	1.000	0.000	0.000	1	1.1100	-38.000	100.0	1	1.100	0.900;
    412	2	0.000	0.000	0.000	0.000	1	1.0000	-45.000	100.0	1	1.100	0.900;
    413	2	6.000	1.000	0.000	0.000	1	1.0150	-38.000	100.0	1	1.100	0.900;
    415	2	2.000	1.000	0.000	0.000	1	1.0610	-18.000	100.0	1	1.100	0.900;
    421	2	0.000	0.000	0.000	0.000	1	1.0050	-39.000	100.0	1	1.100	0.900;
    424	2	0.000	0.000	0.000	0.000	1	1.0130	-38.000	100.0	1	1.100	0.900;
    425	2	0.000	0.000	0.000	0.000	1	1.0330	-36.000	100.0	1	1.100	0.900;
    427	2	4.000	1.000	0.000	0.000	1	1.0220	-28.000	100.0	1	1.100	0.900;
    434	2	4.000	1.000	0.000	0.000	1	1.0260	-34.000	100.0	1	1.100	0.900;
    446	2	6.000	1.000	0.000	0.000	1	1.0160	-36.000	100.0	1	1.100	0.900;
    451	2	0.000	0.000	0.000	0.000	1	1.0590	-18.000	100.0	1	1.100	0.900;
    452	2	0.000	0.000	0.000	0.000	1	1.0470	-20.000	100.0	1	1.100	0.900;
