function mpc = sistema_paraguay_brasil
% Caso importado de ANAREDE - sistema_paraguay_brasil

mpc.version = '2';
mpc.baseMVA = 100.0;

%% Datos de Barras
%  bus_i type Pd Qd Gs Bs area Vm Va baseKV zone Vmax Vmin
mpc.bus = [
    48	2	0.000	0.000	0.000	15.000	1	0.0000	4.120	220.0	1	1.100	0.900;
    85	1	66.000	0.000	0.000	0.000	1	1.0900	4.120	220.0	1	1.100	0.900;
    86	1	-3150.000	700.000	0.000	15.000	1	1.0900	4.130	220.0	1	1.100	0.900;
    87	3	0.000	0.000	0.000	15.000	1	0.0000	0.000	220.0	1	1.100	0.900;
    5518	1	0.000	0.000	0.000	6.000	1	1.0140	-45.000	220.0	1	1.100	0.900;
    5411	1	0.000	0.000	0.000	6.000	1	1.0150	-42.000	220.0	1	1.100	0.900;
    183	2	35.000	0.000	0.000	2.000	1	0.0000	-9.800	220.0	1	1.100	0.900;
    184	2	35.000	0.000	0.000	2.000	1	0.0000	-9.800	220.0	1	1.100	0.900;
    201	1	147.700	51.320	0.000	0.000	1	0.0000	0.000	220.0	1	1.100	0.900;
    203	1	22.950	8.030	0.000	0.000	1	0.0000	5.000	220.0	1	1.100	0.900;
    204	1	63.900	21.300	0.000	0.000	1	0.0000	0.000	220.0	1	1.100	0.900;
    206	1	98.940	29.850	0.000	0.000	1	0.0000	4.000	220.0	1	1.100	0.900;
    207	1	1.360	0.560	0.000	0.000	1	0.0000	2.000	220.0	1	1.100	0.900;
    208	1	66.600	21.480	0.000	0.000	1	0.0000	0.000	220.0	1	1.100	0.900;
    209	1	3.060	0.770	0.000	6.000	1	1.0090	39.000	220.0	1	1.100	0.900;
    211	1	27.890	9.340	0.000	0.000	1	0.0000	6.000	220.0	1	1.100	0.900;
    212	1	28.120	7.910	0.000	0.000	1	0.0000	0.000	220.0	1	1.100	0.900;
    213	1	53.640	20.780	0.000	0.000	1	0.0000	4.000	220.0	1	1.100	0.900;
    214	1	33.620	11.660	0.000	0.000	1	0.0000	2.000	220.0	1	1.100	0.900;
    215	1	14.060	5.410	0.000	0.000	1	0.0000	0.000	220.0	1	1.100	0.900;
    216	1	129.000	49.760	0.000	0.000	1	0.0000	5.000	220.0	1	1.100	0.900;
    219	1	16.490	5.500	0.000	0.000	1	0.0000	5.000	220.0	1	1.100	0.900;
    220	1	59.110	23.480	0.000	0.000	1	0.0000	0.000	220.0	1	1.100	0.900;
    221	1	152.300	66.620	0.000	0.000	1	0.0000	0.000	220.0	1	1.100	0.900;
    222	1	10.510	2.370	0.000	0.000	1	0.0000	3.000	220.0	1	1.100	0.900;
    223	1	54.340	24.770	0.000	0.000	1	0.0000	0.000	220.0	1	1.100	0.900;
    224	1	77.960	23.440	0.000	0.000	1	0.0000	4.000	220.0	1	1.100	0.900;
    225	1	23.110	11.560	0.000	0.000	1	0.0000	2.000	220.0	1	1.100	0.900;
    226	1	11.700	1.760	0.000	0.000	1	0.0000	0.000	220.0	1	1.100	0.900;
    227	1	61.680	20.960	0.000	0.000	1	0.0000	7.000	220.0	1	1.100	0.900;
    228	1	9.420	3.240	0.000	0.000	1	0.0000	3.000	220.0	1	1.100	0.900;
    229	1	8.350	2.680	0.000	6.000	1	0.0000	5.000	220.0	1	1.100	0.900;
    231	1	64.660	19.690	0.000	0.000	1	0.0000	0.000	220.0	1	1.100	0.900;
    233	1	42.740	11.710	0.000	0.000	1	0.0000	8.000	220.0	1	1.100	0.900;
    234	1	30.860	5.250	0.000	0.000	1	0.0000	1.000	220.0	1	1.100	0.900;
    235	1	11.160	3.730	0.000	0.000	1	0.0000	3.000	220.0	1	1.100	0.900;
    237	1	16.290	5.460	0.000	0.000	1	0.0000	0.000	220.0	1	1.100	0.900;
    238	1	4.360	1.730	0.000	0.000	1	0.0000	0.000	220.0	1	1.100	0.900;
    239	1	74.480	24.830	0.000	0.000	1	1.0090	46.000	220.0	1	1.100	0.900;
    240	1	27.080	7.790	0.000	0.000	1	0.0000	3.000	220.0	1	1.100	0.900;
    241	1	46.490	10.550	0.000	0.000	1	0.0000	0.000	220.0	1	1.100	0.900;
    244	1	32.200	9.400	0.000	0.000	1	0.0000	0.000	220.0	1	1.100	0.900;
    246	1	41.010	13.670	0.000	0.000	1	0.0000	0.000	220.0	1	1.100	0.900;
    249	1	8.470	2.490	0.000	0.000	1	0.0000	5.000	220.0	1	1.100	0.900;
    250	1	22.540	10.400	0.000	2.000	1	0.0000	2.000	220.0	1	1.100	0.900;
    251	1	13.570	3.890	0.000	2.000	1	0.0000	9.000	220.0	1	1.100	0.900;
    252	1	7.390	2.310	0.000	0.000	1	0.0000	0.000	220.0	1	1.100	0.900;
    253	1	35.670	14.020	0.000	0.000	1	0.0000	6.000	220.0	1	1.100	0.900;
    254	1	36.850	11.730	0.000	0.000	1	0.0000	0.000	220.0	1	1.100	0.900;
    255	1	8.090	2.310	0.000	0.000	1	0.0000	1.000	220.0	1	1.100	0.900;
    256	1	18.510	6.540	0.000	3.000	1	0.0000	6.000	220.0	1	1.100	0.900;
    257	1	5.840	2.880	0.000	3.000	1	0.0000	3.000	220.0	1	1.100	0.900;
    258	1	28.880	8.670	0.000	0.000	1	0.0000	0.000	220.0	1	1.100	0.900;
    260	1	97.100	38.840	0.000	0.000	1	0.0000	0.000	220.0	1	1.100	0.900;
    261	1	1.270	0.500	0.000	6.000	1	0.0000	0.000	220.0	1	1.100	0.900;
    262	1	14.620	5.490	0.000	0.000	1	0.0000	0.000	220.0	1	1.100	0.900;
    264	1	6.200	3.560	0.000	5.000	1	0.0000	0.000	220.0	1	1.100	0.900;
    265	1	0.000	0.000	0.000	5.000	1	0.0000	0.000	220.0	1	1.100	0.900;
    266	1	39.710	20.960	0.000	0.000	1	0.0000	0.000	220.0	1	1.100	0.900;
    267	1	18.420	6.140	0.000	0.000	1	0.0000	0.000	220.0	1	1.100	0.900;
    268	1	19.040	8.490	0.000	0.000	1	0.0000	0.000	220.0	1	1.100	0.900;
    269	1	10.220	3.050	0.000	0.000	1	0.0000	0.000	220.0	1	1.100	0.900;
    270	1	4.280	1.430	0.000	5.000	1	0.0000	0.000	220.0	1	1.100	0.900;
    271	1	35.180	13.480	0.000	0.000	1	0.0000	0.000	220.0	1	1.100	0.900;
    273	1	53.370	18.310	0.000	0.000	1	0.0000	2.000	220.0	1	1.100	0.900;
    274	1	7.900	2.400	0.000	0.000	1	0.0000	0.000	220.0	1	1.100	0.900;
    276	1	25.420	11.160	0.000	0.000	1	0.0000	0.000	220.0	1	1.100	0.900;
    278	1	19.930	6.640	0.000	0.000	1	0.0000	0.000	220.0	1	1.100	0.900;
    279	1	13.290	4.290	0.000	0.000	1	0.0000	0.000	220.0	1	1.100	0.900;
    280	1	13.550	3.390	0.000	3.000	1	0.0000	7.000	220.0	1	1.100	0.900;
    281	1	10.530	3.090	0.000	2.000	1	0.0000	0.000	220.0	1	1.100	0.900;
    282	1	28.710	13.160	0.000	0.000	1	0.0000	0.000	220.0	1	1.100	0.900;
    284	1	86.900	29.330	0.000	0.000	1	0.0000	0.000	220.0	1	1.100	0.900;
    285	1	16.310	9.920	0.000	0.000	1	0.0000	3.000	220.0	1	1.100	0.900;
    286	1	12.420	4.320	0.000	8.000	1	0.0000	0.000	220.0	1	1.100	0.900;
    287	1	12.400	4.000	0.000	0.000	1	0.0000	0.000	220.0	1	1.100	0.900;
    288	1	26.930	7.930	0.000	0.000	1	0.0000	4.000	220.0	1	1.100	0.900;
    289	1	42.920	21.050	0.000	0.000	1	0.0000	9.000	220.0	1	1.100	0.900;
    290	1	23.610	8.140	0.000	0.000	1	0.0000	8.000	220.0	1	1.100	0.900;
    292	1	17.810	6.510	0.000	0.000	1	0.0000	5.000	220.0	1	1.100	0.900;
    293	1	95.270	32.010	0.000	0.000	1	0.0000	6.000	220.0	1	1.100	0.900;
    295	1	30.980	11.960	0.000	0.000	1	0.0000	8.000	220.0	1	1.100	0.900;
    296	1	58.290	10.410	0.000	0.000	1	0.0000	7.000	220.0	1	1.100	0.900;
    297	1	50.680	14.190	0.000	0.000	1	0.0000	7.000	220.0	1	1.100	0.900;
    298	1	49.250	15.650	0.000	0.000	1	0.0000	7.000	220.0	1	1.100	0.900;
    299	1	18.310	6.590	0.000	0.000	1	0.0000	0.000	220.0	1	1.100	0.900;
    301	1	0.000	0.000	0.000	6.000	1	0.0000	3.000	220.0	1	1.100	0.900;
    303	1	0.000	0.000	0.000	6.000	1	0.0000	0.000	220.0	1	1.100	0.900;
    304	1	0.000	0.000	0.000	6.000	1	0.0000	4.000	220.0	1	1.100	0.900;
    305	1	7.220	0.000	0.000	6.000	1	0.0000	2.000	220.0	1	1.100	0.900;
    306	1	0.000	0.000	0.000	6.000	1	0.0000	2.000	220.0	1	1.100	0.900;
    307	1	9.810	3.070	0.000	6.000	1	0.0000	2.000	220.0	1	1.100	0.900;
    308	1	0.000	0.000	0.000	6.000	1	0.0000	0.000	220.0	1	1.100	0.900;
    311	1	0.000	0.000	0.000	6.000	1	0.0000	3.000	220.0	1	1.100	0.900;
    313	1	0.000	0.000	0.000	6.000	1	0.0000	2.000	220.0	1	1.100	0.900;
    316	1	0.000	0.000	0.000	6.000	1	0.0000	2.000	220.0	1	1.100	0.900;
    317	1	1.800	0.360	0.000	2.000	1	0.0000	1.000	220.0	1	1.100	0.900;
    319	1	0.000	0.000	0.000	2.000	1	0.0000	1.000	220.0	1	1.100	0.900;
    320	1	0.000	0.000	0.000	6.000	1	0.0000	3.000	220.0	1	1.100	0.900;
    322	1	0.000	0.000	0.000	4.000	1	0.0000	1.000	220.0	1	1.100	0.900;
    323	1	0.000	0.000	0.000	6.000	1	0.0000	0.000	220.0	1	1.100	0.900;
    324	1	0.000	0.000	0.000	6.000	1	0.0000	2.000	220.0	1	1.100	0.900;
    325	1	0.000	0.000	0.000	6.000	1	0.0000	9.000	220.0	1	1.100	0.900;
    326	1	0.000	0.000	0.000	6.000	1	0.0000	1.000	220.0	1	1.100	0.900;
    327	1	0.000	0.000	0.000	6.000	1	0.0000	2.000	220.0	1	1.100	0.900;
    328	1	0.000	0.000	0.000	4.000	1	0.0000	2.000	220.0	1	1.100	0.900;
    329	1	0.000	0.000	0.000	6.000	1	0.0000	3.000	220.0	1	1.100	0.900;
    331	1	0.000	0.000	0.000	6.000	1	0.0000	0.000	220.0	1	1.100	0.900;
    333	1	0.000	0.000	0.000	6.000	1	0.0000	2.000	220.0	1	1.100	0.900;
